100000.000	14.740	-0.013
97500.000	11.210	-0.031
95000.000	11.210	-0.035
92500.000	11.210	-0.040
90000.000	11.210	-0.038
87500.000	11.210	-0.043
85000.000	11.210	-0.046
82500.000	11.220	-0.050
80000.000	11.220	-0.054
77500.000	11.220	-0.057
75000.000	11.220	-0.062
72500.000	11.220	-0.064
70000.000	11.220	-0.068
67500.000	11.230	-0.071
65000.000	11.230	-0.073
62500.000	11.230	-0.077
60000.000	11.230	-0.083
57500.000	11.240	-0.088
55000.000	11.240	-0.093
52500.000	11.240	-0.096
50000.000	11.250	-0.102
47500.000	11.250	-0.107
45000.000	11.260	-0.112
42500.000	11.260	-0.119
40000.000	11.260	-0.124
37500.000	11.270	-0.130
35000.000	11.270	-0.139
32500.000	11.280	-0.144
30000.000	11.300	-0.107
27500.000	11.310	-0.119
25000.000	11.320	-0.130
22500.000	11.330	-0.143
20000.000	11.340	-0.158
17500.000	11.350	-0.175
15000.000	11.370	-0.189
12500.000	11.390	-0.211
10000.000	11.420	-0.241
9750.000	11.430	-0.245
9500.000	11.430	-0.248
9250.000	11.430	-0.251
9000.000	11.440	-0.249
8750.000	11.440	-0.258
8500.000	11.450	-0.262
8250.000	11.450	-0.265
8000.000	11.460	-0.270
7750.000	11.460	-0.288
7500.000	11.460	-0.291
7250.000	11.470	-0.297
7000.000	11.480	-0.301
6750.000	11.480	-0.305
6500.000	11.490	-0.309
6250.000	11.490	-0.316
6000.000	11.500	-0.321
5750.000	11.510	-0.328
5500.000	11.520	-0.333
5250.000	11.530	-0.340
5000.000	11.540	-0.347
4750.000	11.550	-0.353
4500.000	11.560	-0.362
4250.000	11.570	-0.371
4000.000	11.580	-0.382
3750.000	11.600	-0.395
3500.000	11.610	-0.405
3250.000	11.630	-0.417
3000.000	11.650	-0.430
2750.000	11.670	-0.446
2500.000	11.690	-0.464
2250.000	11.720	-0.484
2000.000	11.760	-0.508
1750.000	11.790	-0.539
1500.000	11.850	-0.571
1250.000	11.910	-0.614
1000.000	12.000	-0.670
975.000	12.010	-0.673
950.000	12.020	-0.680
925.000	12.030	-0.689
900.000	12.040	-0.694
875.000	12.050	-0.702
850.000	12.070	-0.710
825.000	12.080	-0.719
800.000	12.100	-0.725
775.000	12.110	-0.733
750.000	12.130	-0.741
725.000	12.140	-0.750
700.000	12.160	-0.758
675.000	12.180	-0.768
650.000	12.200	-0.777
625.000	12.220	-0.787
600.000	12.240	-0.799
575.000	12.260	-0.809
550.000	12.260	-0.809
525.000	12.310	-0.832
500.000	12.340	-0.844
475.000	12.370	-0.848
450.000	12.410	-0.863
425.000	12.440	-0.875
400.000	12.480	-0.889
375.000	12.520	-0.903
350.000	12.570	-0.918
325.000	12.620	-0.932
300.000	12.680	-0.947
275.000	12.740	-0.962
250.000	12.740	-0.960
225.000	12.890	-0.971
200.000	12.980	-0.983
175.000	13.080	-0.986
150.000	13.200	-0.984
125.000	13.340	-0.974
100.000	13.510	-0.949
97.500	13.530	-0.940
95.000	13.550	-0.938
92.500	13.570	-0.931
90.000	13.590	-0.924
87.500	13.610	-0.920
85.000	13.630	-0.920
82.500	13.650	-0.907
80.000	13.670	-0.900
77.500	13.690	-0.893
75.000	13.710	-0.885
72.500	13.740	-0.877
70.000	13.760	-0.869
67.500	13.780	-0.859
65.000	13.800	-0.854
62.500	13.820	-0.840
60.000	13.850	-0.838
57.500	13.870	-0.827
55.000	13.900	-0.816
52.500	13.920	-0.801
50.000	13.950	-0.787
47.500	13.980	-0.770
45.000	14.000	-0.755
42.500	14.030	-0.736
40.000	14.060	-0.718
37.500	14.090	-0.696
35.000	14.120	-0.679
32.500	14.150	-0.653
30.000	14.180	-0.637
27.500	14.210	-0.607
25.000	14.250	-0.580
22.500	14.250	-0.580
20.000	14.320	-0.517
17.500	14.350	-0.481
15.000	14.390	-0.448
12.500	14.430	-0.406
10.000	14.480	-0.359
9.750	14.480	-0.351
9.500	14.480	-0.350
9.250	14.490	-0.344
9.000	14.490	-0.341
8.750	14.500	-0.336
8.500	14.500	-0.331
8.250	14.510	-0.326
8.000	14.510	-0.322
7.750	14.520	-0.316
7.500	14.520	-0.307
7.250	14.530	-0.300
7.000	14.540	-0.295
6.750	14.540	-0.290
6.500	14.540	-0.283
6.250	14.550	-0.276
6.000	14.560	-0.273
5.750	14.560	-0.266
5.500	14.570	-0.260
5.250	14.570	-0.253
5.000	14.580	-0.248
4.750	14.590	-0.242
4.500	14.600	-0.233
4.250	14.600	-0.229
4.000	14.610	-0.222
3.750	14.620	-0.213
3.500	14.630	-0.209
3.250	14.640	-0.201
3.000	14.650	-0.193
2.750	14.660	-0.187
2.500	14.670	-0.181
2.250	14.680	-0.172
2.000	14.690	-0.166
1.750	14.700	-0.149
1.500	14.710	-0.135
1.250	14.720	-0.119
1.000	14.730	-0.102
0.975	14.730	-0.101
0.955	14.730	-0.099
0.935	14.740	-0.091
0.915	14.740	-0.090
0.885	14.750	-0.088
0.855	14.750	-0.086
0.835	14.750	-0.085
0.815	14.750	-0.084
0.795	14.750	-0.082
0.775	14.750	-0.082
0.755	14.750	-0.080
0.735	14.760	-0.079
0.715	14.760	-0.078
0.695	14.760	-0.075
0.675	14.760	-0.075
0.655	14.760	-0.073
0.635	14.770	-0.073
0.615	14.770	-0.071
0.595	14.770	-0.070
0.575	14.770	-0.068
0.545	14.770	-0.065
0.515	14.780	-0.062
0.495	14.780	-0.061
0.475	14.790	-0.053
0.455	14.790	-0.052
0.425	14.790	-0.050
0.395	14.790	-0.047
0.365	14.790	-0.044
0.335	14.800	-0.041
0.315	14.800	-0.039
0.295	14.800	-0.036
0.275	14.810	-0.035
0.245	14.810	-0.034
0.225	14.820	-0.018
0.195	14.820	-0.016
0.175	14.820	-0.016
0.155	14.820	-0.014
0.135	14.830	-0.015
0.115	14.830	-0.014
0.095	14.840	-0.012
